<?xml version="1.0"?>
<opencv_storage>
<calibration_Time>"mar. 17 oct. 2017 15:17:31 CEST"</calibration_Time>
<nrOfFrames>25</nrOfFrames>
<image_Width>640</image_Width>
<image_Height>480</image_Height>
<board_Width>9</board_Width>
<board_Height>6</board_Height>
<square_Size>50.</square_Size>
<FixAspectRatio>1.</FixAspectRatio>
<!-- flags:  +fix_aspectRatio +fix_principal_point +zero_tangent_dist -->
<flagValue>14</flagValue>
<Camera_Matrix type_id="opencv-matrix">
  <rows>3</rows>
  <cols>3</cols>
  <dt>d</dt>
  <data>
    5.0721723504492570e+02 0. 3.1950000000000000e+02
    0. 5.0721723504492570e+02 2.3950000000000000e+02
    0. 0. 1.
  </data>
</Camera_Matrix>
<Distortion_Coefficients type_id="opencv-matrix">
  <rows>5</rows>
  <cols>1</cols>
  <dt>d</dt>
  <data>
    -8.7835307711856409e-02 -1.2925926432930088e-01 0. 0. 1.3808115810158292e-01
  </data>
</Distortion_Coefficients>
<Avg_Reprojection_Error>4.2240524033077137e-01</Avg_Reprojection_Error>
<Per_View_Reprojection_Errors type_id="opencv-matrix">
  <rows>25</rows>
  <cols>1</cols>
  <dt>f</dt>
  <data>
    4.78351325e-01 4.82655734e-01 4.85083371e-01 4.80283618e-01
    4.46622431e-01 4.20715451e-01 3.95676106e-01 4.02045369e-01
    3.95655096e-01 4.07626241e-01 3.72472554e-01 3.74196708e-01
    3.77898276e-01 4.41755950e-01 3.95849705e-01 4.08677191e-01
    4.32663739e-01 4.27565306e-01 3.62461060e-01 4.26105499e-01
    4.08250749e-01 3.82545501e-01 4.36610609e-01 4.44935411e-01
    4.36504513e-01
  </data>
</Per_View_Reprojection_Errors>
<!-- a set of 6-tuples (rotation vector + translation vector) for each view -->
<Extrinsic_Parameters type_id="opencv-matrix">
  <rows>25</rows>
  <cols>6</cols>
  <dt>d</dt>
  <data>
    9.3328650452797313e-02 -2.2699781981189849e-03
    2.7617588226622834e-02 -5.1529551633046913e+02
    -3.4375147933148509e+02 8.7341267008162890e+02
    9.0000576875294502e-02 1.5420832338134908e-03 2.4960852255345910e-02
    -5.2426531062369543e+02 -3.4715375515371113e+02
    8.7883670694170269e+02 9.3645688580902747e-02
    -1.5139305175495337e-03 2.4300002593495736e-02
    -5.2276727871244498e+02 -3.5049169859839901e+02
    8.7657584225589096e+02 9.5275433122065295e-02
    -2.7614488062864188e-03 2.6058913381821987e-02
    -5.1623880715394523e+02 -3.5854923086817331e+02
    8.7640969252255752e+02 9.9992879784665922e-02
    -3.1394102250716436e-03 2.6483732603721635e-02
    -4.9914704377158250e+02 -3.5373897608096377e+02
    8.7554150040695356e+02 8.3947952183433122e-02
    -1.1999986015792641e-03 1.6576974578013104e-02
    -4.8411275595282660e+02 -3.3478350714581012e+02
    8.8420101849134005e+02 8.4432925065177397e-02
    -1.3578713926443775e-02 2.1205603597562756e-02
    -4.6343676051388445e+02 -3.3359849269860626e+02
    8.8061869719467200e+02 9.3660560926510941e-02
    -8.3024259293320007e-03 2.0076361977125364e-02
    -4.3757538506460060e+02 -3.5168899467948114e+02
    8.8039279134266712e+02 1.0495785088970350e-01
    -6.6467624030042659e-03 1.2146059180993459e-02
    -4.0602847391527450e+02 -3.6231969342531858e+02
    8.8018224393158141e+02 1.1306821214767591e-01 7.5569876938520186e-03
    1.0592234298295268e-02 -3.5497956031917897e+02
    -3.7265318938375009e+02 8.8421022657797778e+02
    1.1375253542304664e-01 1.1730316163224928e-02 1.5433144361450015e-02
    -3.1070346620692322e+02 -3.8067501677960865e+02
    8.8397676399696024e+02 1.2576273272289093e-01 2.5704114376585270e-02
    1.3994843686184619e-02 -2.6309286539204913e+02
    -3.8975546847677811e+02 8.8190440302671834e+02
    1.3437101457135991e-01 2.8634770876527167e-02 1.1798505426987066e-02
    -2.3603072108396975e+02 -3.8898158763023588e+02
    8.7875670586634556e+02 1.3175305376870253e-01 2.0271166874681494e-02
    5.5385203667530341e-03 -1.7927370147252131e+02
    -3.8866845250463513e+02 8.8271130335655698e+02
    1.3051172939070305e-01 2.7147989581487293e-02 1.2877997887649336e-02
    -1.3051293662153824e+02 -3.9094387175833867e+02
    8.8811190525614506e+02 1.3272624348995110e-01 2.4871133081308866e-02
    1.8211708579090050e-02 -7.9670040329804834e+01
    -3.9083339989626251e+02 8.8654511754473992e+02
    1.1935352248471888e-01 3.0721012867896566e-02 3.7566850931080802e-02
    -1.8094498633467150e+01 -3.9211478825261065e+02
    8.8990186251482874e+02 1.0849038666404329e-01 2.9040599223951757e-02
    4.2158633983460876e-02 3.4960775917788936e+01
    -3.9267917451270989e+02 8.9444237571025906e+02
    1.2587075260291095e-01 4.5608879216245138e-02 6.0243293052124988e-02
    7.7317618169011695e+01 -3.9087062626264566e+02
    8.9284978162813923e+02 1.0606122020198344e-01 3.0762925311307452e-02
    6.7415224072983601e-02 1.0662244547833222e+02
    -3.9256302854100994e+02 8.8759719310603680e+02
    9.6632762511572046e-02 2.9125393525493447e-02 8.8852286146066370e-02
    1.5612062227747958e+02 -3.8383427344767995e+02
    8.8607727006194693e+02 5.3329659040929664e-02 4.2065768180899091e-02
    8.6555617698315920e-02 1.2858238209765523e+02
    -3.3608502131774571e+02 8.8927016272143942e+02
    4.2649770567798236e-02 1.5018528000988936e-02 8.5804814320338957e-02
    1.2605866571139096e+02 -2.9373538403531057e+02
    8.7657475312746749e+02 2.5302942664451187e-02 1.0899535522580825e-04
    1.2113258154630420e-01 1.4187120055396622e+02
    -2.5024315639591376e+02 8.8143495162788565e+02
    2.6849272072970460e-02 -8.6742981052392951e-03
    1.5188559350146139e-01 1.6145118416365457e+02
    -2.0962186528516298e+02 8.7613061906776056e+02</data></Extrinsic_Parameters>
